0.500 
0.500 
0.500 
0.500 
0.500 
0.500 
0.500 
0.500 
0.500 
0.500 
0.500 
0.500 
0.500 
0.500 
0.625 
0.750 
0.750 
0.750 
0.750 
0.750 
0.750 
0.750 
0.750 
0.750 
0.875 
1.000 
1.000 
1.000 
1.000 
1.000 
1.000 
1.000 
1.000 
1.000 
1.000 
1.000 
1.000 
1.000 
1.000 
1.125 
1.250 
1.250 
1.250 
1.250 
1.250 
1.250 
1.375 
1.500 
1.500 
1.500 
1.500 
1.500 
1.500 
1.500 
1.500 
1.500 
1.500 
1.625 
1.750 
1.750 
1.750 
1.750 
2.000 
2.000 
2.000 
2.000 
2.000 
2.000 
2.000 
2.000 
2.000 
2.000 
2.250 
2.250 
2.500 
2.500 
2.500 
2.500 
2.500 
2.500 
2.750 
3.000 
3.000 
3.000 
3.000 
3.000 
3.000 
3.250 
3.500 
3.500 
4.000 
4.000 
4.500 
5.000 
