2.500 2.500 
2.500 2.500 
2.500 2.500 
2.500 2.500 
2.500 2.500 
2.500 2.500 
2.500 2.500 
2.500 2.500 
2.500 2.500 
2.500 2.500 
2.500 2.500 
2.625 2.500 
2.625 2.500 
2.625 2.500 
2.625 2.500 
2.625 2.500 
2.625 2.500 
2.625 2.500 
2.625 2.500 
2.625 2.500 
2.750 2.500 
2.750 2.500 
2.750 2.500 
2.750 2.500 
2.750 2.500 
2.750 2.500 
2.750 2.500 
2.750 2.500 
2.750 2.500 
2.875 2.500 
2.875 2.500 
2.875 2.500 
2.875 2.500 
2.875 2.500 
2.875 2.500 
2.875 2.500 
2.875 2.500 
2.875 2.500 
3.000 2.500 
3.000 2.500 
3.000 2.500 
3.000 2.500 
3.000 2.500 
3.000 2.500 
3.000 2.500 
3.000 2.500 
3.000 2.500 
3.125 2.500 
3.125 2.500 
3.125 2.500 
3.125 2.500 
3.125 2.500 
3.125 2.500 
3.125 2.500 
3.125 2.500 
3.125 2.500 
3.250 2.500 
3.250 2.500 
3.250 2.500 
3.250 2.500 
3.250 2.500 
3.250 2.500 
3.250 2.500 
3.250 2.500 
3.250 2.500 
3.375 2.500 
3.375 2.500 
3.375 2.500 
3.375 2.500 
3.375 2.500 
3.375 2.500 
3.375 2.500 
3.375 2.500 
3.375 2.500 
3.500 2.500 
3.500 2.500 
3.500 2.500 
3.500 2.500 
3.500 2.500 
3.500 2.500 
3.500 2.500 
3.500 2.500 
3.500 2.500 
3.625 2.500 
3.625 2.500 
3.625 2.500 
3.625 2.500 
3.625 2.500 
3.625 2.500 
3.625 2.500 
3.750 2.500 
3.750 2.500 
3.750 2.500 
3.750 2.500 
3.750 2.500 
3.750 2.500 
3.750 2.500 
3.875 2.500 
3.875 2.500 
3.875 2.500 
3.875 2.500 
3.875 2.500 
3.875 2.500 
3.875 2.500 
4.000 2.500 
4.000 2.500 
4.000 2.500 
4.000 2.500 
4.000 2.500 
4.000 2.500 
4.000 2.500 
4.125 2.500 
4.125 2.500 
4.125 2.500 
4.125 2.500 
4.125 2.500 
4.125 2.500 
4.125 2.500 
4.250 2.500 
4.250 2.500 
4.250 2.500 
4.250 2.500 
4.250 2.500 
4.250 2.500 
4.250 2.500 
4.375 2.500 
4.375 2.500 
4.375 2.500 
4.375 2.500 
4.375 2.500 
4.375 2.500 
4.375 2.500 
4.500 2.500 
4.500 2.500 
4.500 2.500 
4.500 2.500 
4.500 2.500 
4.500 2.500 
4.500 2.500 
4.625 2.500 
4.625 2.500 
4.625 2.500 
4.625 2.500 
4.625 2.500 
4.750 2.500 
4.750 2.500 
4.750 2.500 
4.750 2.500 
4.750 2.500 
4.875 2.500 
4.875 2.500 
4.875 2.500 
4.875 2.500 
4.875 2.500 
5.000 2.500 
5.000 2.500 
5.000 2.500 
5.000 2.500 
5.000 2.500 
2.625 2.625 
2.625 2.625 
2.625 2.625 
2.625 2.625 
2.625 2.625 
2.625 2.625 
2.625 2.625 
2.625 2.625 
2.625 2.625 
2.750 2.625 
2.750 2.625 
2.750 2.625 
2.750 2.625 
2.750 2.625 
2.750 2.625 
2.750 2.625 
2.750 2.625 
2.750 2.625 
2.875 2.625 
2.875 2.625 
2.875 2.625 
2.875 2.625 
2.875 2.625 
2.875 2.625 
2.875 2.625 
2.875 2.625 
2.875 2.625 
3.000 2.625 
3.000 2.625 
3.000 2.625 
3.000 2.625 
3.000 2.625 
3.000 2.625 
3.000 2.625 
3.000 2.625 
3.000 2.625 
3.125 2.625 
3.125 2.625 
3.125 2.625 
3.125 2.625 
3.125 2.625 
3.125 2.625 
3.125 2.625 
3.125 2.625 
3.125 2.625 
3.250 2.625 
3.250 2.625 
3.250 2.625 
3.250 2.625 
3.250 2.625 
3.250 2.625 
3.250 2.625 
3.250 2.625 
3.250 2.625 
3.375 2.625 
3.375 2.625 
3.375 2.625 
3.375 2.625 
3.375 2.625 
3.375 2.625 
3.375 2.625 
3.375 2.625 
3.375 2.625 
3.500 2.625 
3.500 2.625 
3.500 2.625 
3.500 2.625 
3.500 2.625 
3.500 2.625 
3.500 2.625 
3.625 2.625 
3.625 2.625 
3.625 2.625 
3.625 2.625 
3.625 2.625 
3.625 2.625 
3.625 2.625 
3.750 2.625 
3.750 2.625 
3.750 2.625 
3.750 2.625 
3.750 2.625 
3.750 2.625 
3.750 2.625 
3.875 2.625 
3.875 2.625 
3.875 2.625 
3.875 2.625 
3.875 2.625 
3.875 2.625 
3.875 2.625 
4.000 2.625 
4.000 2.625 
4.000 2.625 
4.000 2.625 
4.000 2.625 
4.000 2.625 
4.000 2.625 
4.125 2.625 
4.125 2.625 
4.125 2.625 
4.125 2.625 
4.125 2.625 
4.125 2.625 
4.125 2.625 
4.250 2.625 
4.250 2.625 
4.250 2.625 
4.250 2.625 
4.250 2.625 
4.250 2.625 
4.250 2.625 
4.375 2.625 
4.375 2.625 
4.375 2.625 
4.375 2.625 
4.375 2.625 
4.375 2.625 
4.375 2.625 
4.500 2.625 
4.500 2.625 
4.500 2.625 
4.500 2.625 
4.500 2.625 
4.625 2.625 
4.625 2.625 
4.625 2.625 
4.625 2.625 
4.625 2.625 
4.750 2.625 
4.750 2.625 
4.750 2.625 
4.750 2.625 
4.750 2.625 
4.875 2.625 
4.875 2.625 
4.875 2.625 
4.875 2.625 
4.875 2.625 
