First digit: 1 - BOCsin; 2 - BOCcos; 3 - BPSK 
Second number - m index (0 for BPSK) 
Third - n

1 0.250 0.250 16.778
1 0.500 0.500 15.022
1 1.000 0.500
1 1.000 1.000 10.765
1 3.750 3.500
1 4.000 3.250
1 4.000 3.500
1 4.500 2.250 2.594
1 4.500 2.500
1 4.500 3.500
1 4.750 2.375 2.435
1 4.750 2.500
1 5.000 2.000 2.338
1 5.000 2.500 2.310
1 5.000 3.000
1 5.250 2.625 2.153
1 5.625 2.250 2.027
1 6.000 2.000 1.938
2 0.250 0.250 13.772
2 0.500 0.500
2 1.000 0.500
2 1.000 1.000
2 1.500 1.000
2 2.750 2.750 2.524
2 2.875 2.875 2.392
2 3.000 3.000 2.261
2 3.500 3.500
2 3.750 3.500
2 3.750 3.750
2 4.000 2.500
2 4.000 3.250
2 4.000 3.500
2 4.000 4.000
2 4.250 2.500
2 4.500 2.500
2 4.500 3.500
2 4.750 2.500
2 5.000 2.500
2 5.000 3.000
3 0.000 0.500 18.222
3 0.000 0.750 16.814
3 0.000 1.000 15.377
3 0.000 1.250 14.025
3 0.000 1.500 12.830
3 0.000 1.750
3 0.000 2.000 10.872
3 0.000 2.250
3 0.000 2.500 9.286
3 0.000 3.000 8.008
3 0.000 9.500
3 0.000 10.000
